set title "PWR assembly based on Serpent manual example and BEAVRS"

%------------------------------------------------------------------------------
%pins--------------------------------------------------------------------------
%------------------------------------------------------------------------------

%fuel nominal
pin 10
UO2  0.39218
He   0.40005
clad 0.45720
water

%upper plenum for fuel pins
pin 20
inconel 0.06459
He      0.40005
clad    0.45720
water

%guide nominal
pin 30
water 0.56134
clad  0.60198
water

%guide tube at/below dashpot
pin 35
water 0.50419
clad  0.54610
water

%instrument tube nominal
pin 40
air    0.43688
clad   0.48387
water  0.56134
clad   0.60198
water

%bare instrument tube
pin 45
air  0.43688
clad 0.48387
water

%BA nominal
pin 50
air    0.21400
SS304  0.23051
air    0.24130
BA     0.42672
air    0.43688
SS304  0.48387
water  0.56134
clad   0.60198
water

%burnable absorber at/below dashpot
pin 55
air    0.21400
SS304  0.23051
air    0.24130
BA     0.42672
air    0.43688
SS304  0.48387
water  0.50419
clad   0.54610
water

%SS pin used to represent top nozzle and bottom support plate
pin 60
SS304 0.45720
water

%zircaloy pin used to represent end plug
pin 70
clad 0.45720
water

%water used to represent gap between end of fuel pin and top nozzle/below
%bottom plate
pin 80
water 0.45720
water

%SS pin in guide tube for top of BA pins
pin 90
SS304 0.43688
clad  0.48387
water

%------------------------------------------------------------------------------
%lattices----------------------------------------------------------------------
%------------------------------------------------------------------------------

%bottom lattice with only bare instrument tubes, the rest with water
lat 100 1 0.0 0.0 17 17 1.25984

80 80 80 80 80 80 80 80 80 80 80 80 80 80 80 80 80
80 80 80 80 80 80 80 80 80 80 80 80 80 80 80 80 80
80 80 80 80 80 80 80 80 80 80 80 80 80 80 80 80 80
80 80 80 80 80 80 80 80 80 80 80 80 80 80 80 80 80
80 80 80 80 80 80 80 80 80 80 80 80 80 80 80 80 80
80 80 80 80 80 80 80 80 80 80 80 80 80 80 80 80 80
80 80 80 80 80 80 80 80 80 80 80 80 80 80 80 80 80
80 80 80 80 80 80 80 80 80 80 80 80 80 80 80 80 80
80 80 80 80 80 80 80 80 45 80 80 80 80 80 80 80 80
80 80 80 80 80 80 80 80 80 80 80 80 80 80 80 80 80
80 80 80 80 80 80 80 80 80 80 80 80 80 80 80 80 80
80 80 80 80 80 80 80 80 80 80 80 80 80 80 80 80 80
80 80 80 80 80 80 80 80 80 80 80 80 80 80 80 80 80
80 80 80 80 80 80 80 80 80 80 80 80 80 80 80 80 80
80 80 80 80 80 80 80 80 80 80 80 80 80 80 80 80 80
80 80 80 80 80 80 80 80 80 80 80 80 80 80 80 80 80
80 80 80 80 80 80 80 80 80 80 80 80 80 80 80 80 80

%2nd layer between 20 and 35, fuel = bottom plate SS, guide = dashpot guide
%instrument = bare instr tube
lat 101 1 0.0 0.0 17 17 1.25984

60 60 60 60 60 60 60 60 60 60 60 60 60 60 60 60 60
60 60 60 60 60 60 60 60 60 60 60 60 60 60 60 60 60
60 60 60 60 60 35 60 60 35 60 60 35 60 60 60 60 60
60 60 60 35 60 60 60 60 60 60 60 60 60 35 60 60 60
60 60 60 60 60 60 60 60 60 60 60 60 60 60 60 60 60
60 60 35 60 60 35 60 60 35 60 60 35 60 60 35 60 60
60 60 60 60 60 60 60 60 60 60 60 60 60 60 60 60 60
60 60 60 60 60 60 60 60 60 60 60 60 60 60 60 60 60
60 60 35 60 60 35 60 60 45 60 60 35 60 60 35 60 60
60 60 60 60 60 60 60 60 60 60 60 60 60 60 60 60 60
60 60 60 60 60 60 60 60 60 60 60 60 60 60 60 60 60
60 60 35 60 60 35 60 60 35 60 60 35 60 60 35 60 60
60 60 60 60 60 60 60 60 60 60 60 60 60 60 60 60 60
60 60 60 35 60 60 60 60 60 60 60 60 60 35 60 60 60
60 60 60 60 60 35 60 60 35 60 60 35 60 60 60 60 60
60 60 60 60 60 60 60 60 60 60 60 60 60 60 60 60 60
60 60 60 60 60 60 60 60 60 60 60 60 60 60 60 60 60

%3rd layer between 35 and 36, fuel = bottom plug, guide = dashpot guide
%instrument = instr nominal
lat 102 1 0.0 0.0 17 17 1.25984

70 70 70 70 70 70 70 70 70 70 70 70 70 70 70 70 70
70 70 70 70 70 70 70 70 70 70 70 70 70 70 70 70 70
70 70 70 70 70 35 70 70 35 70 70 35 70 70 70 70 70
70 70 70 35 70 70 70 70 70 70 70 70 70 35 70 70 70
70 70 70 70 70 70 70 70 70 70 70 70 70 70 70 70 70
70 70 35 70 70 35 70 70 35 70 70 35 70 70 35 70 70
70 70 70 70 70 70 70 70 70 70 70 70 70 70 70 70 70
70 70 70 70 70 70 70 70 70 70 70 70 70 70 70 70 70
70 70 35 70 70 35 70 70 40 70 70 35 70 70 35 70 70
70 70 70 70 70 70 70 70 70 70 70 70 70 70 70 70 70
70 70 70 70 70 70 70 70 70 70 70 70 70 70 70 70 70
70 70 35 70 70 35 70 70 35 70 70 35 70 70 35 70 70
70 70 70 70 70 70 70 70 70 70 70 70 70 70 70 70 70
70 70 70 35 70 70 70 70 70 70 70 70 70 35 70 70 70
70 70 70 70 70 35 70 70 35 70 70 35 70 70 70 70 70
70 70 70 70 70 70 70 70 70 70 70 70 70 70 70 70 70
70 70 70 70 70 70 70 70 70 70 70 70 70 70 70 70 70

%4th layer between 36 and 41, fuel = fuel nominal, guide = dashpot guide
%instrument = instr nominal
lat 103 1 0.0 0.0 17 17 1.25984

10 10 10 10 10 10 10 10 10 10 10 10 10 10 10 10 10
10 10 10 10 10 10 10 10 10 10 10 10 10 10 10 10 10
10 10 10 10 10 35 10 10 35 10 10 35 10 10 10 10 10
10 10 10 35 10 10 10 10 10 10 10 10 10 35 10 10 10
10 10 10 10 10 10 10 10 10 10 10 10 10 10 10 10 10
10 10 35 10 10 35 10 10 35 10 10 35 10 10 35 10 10
10 10 10 10 10 10 10 10 10 10 10 10 10 10 10 10 10
10 10 10 10 10 10 10 10 10 10 10 10 10 10 10 10 10
10 10 35 10 10 35 10 10 40 10 10 35 10 10 35 10 10
10 10 10 10 10 10 10 10 10 10 10 10 10 10 10 10 10
10 10 10 10 10 10 10 10 10 10 10 10 10 10 10 10 10
10 10 35 10 10 35 10 10 35 10 10 35 10 10 35 10 10
10 10 10 10 10 10 10 10 10 10 10 10 10 10 10 10 10
10 10 10 35 10 10 10 10 10 10 10 10 10 35 10 10 10
10 10 10 10 10 35 10 10 35 10 10 35 10 10 10 10 10
10 10 10 10 10 10 10 10 10 10 10 10 10 10 10 10 10
10 10 10 10 10 10 10 10 10 10 10 10 10 10 10 10 10

%5th layer between 41 and 45, fuel = fuel nominal, guide = dashpot guide
%instrument = instr nominal
lat 104 1 0.0 0.0 17 17 1.25984

10 10 10 10 10 10 10 10 10 10 10 10 10 10 10 10 10
10 10 10 10 10 10 10 10 10 10 10 10 10 10 10 10 10
10 10 10 10 10 35 10 10 35 10 10 35 10 10 10 10 10
10 10 10 35 10 10 10 10 10 10 10 10 10 35 10 10 10
10 10 10 10 10 10 10 10 10 10 10 10 10 10 10 10 10
10 10 35 10 10 35 10 10 35 10 10 35 10 10 35 10 10
10 10 10 10 10 10 10 10 10 10 10 10 10 10 10 10 10
10 10 10 10 10 10 10 10 10 10 10 10 10 10 10 10 10
10 10 35 10 10 35 10 10 40 10 10 35 10 10 35 10 10
10 10 10 10 10 10 10 10 10 10 10 10 10 10 10 10 10
10 10 10 10 10 10 10 10 10 10 10 10 10 10 10 10 10
10 10 35 10 10 35 10 10 35 10 10 35 10 10 35 10 10
10 10 10 10 10 10 10 10 10 10 10 10 10 10 10 10 10
10 10 10 35 10 10 10 10 10 10 10 10 10 35 10 10 10
10 10 10 10 10 35 10 10 35 10 10 35 10 10 10 10 10
10 10 10 10 10 10 10 10 10 10 10 10 10 10 10 10 10
10 10 10 10 10 10 10 10 10 10 10 10 10 10 10 10 10

%main fuel lattice
lat 105 1 0.0 0.0 17 17 1.25984

10 10 10 10 10 10 10 10 10 10 10 10 10 10 10 10 10
10 10 10 10 10 10 10 10 10 10 10 10 10 10 10 10 10
10 10 10 10 10 30 10 10 30 10 10 30 10 10 10 10 10
10 10 10 30 10 10 10 10 10 10 10 10 10 30 10 10 10
10 10 10 10 10 10 10 10 10 10 10 10 10 10 10 10 10
10 10 30 10 10 30 10 10 30 10 10 30 10 10 30 10 10
10 10 10 10 10 10 10 10 10 10 10 10 10 10 10 10 10
10 10 10 10 10 10 10 10 10 10 10 10 10 10 10 10 10
10 10 30 10 10 30 10 10 40 10 10 30 10 10 30 10 10
10 10 10 10 10 10 10 10 10 10 10 10 10 10 10 10 10
10 10 10 10 10 10 10 10 10 10 10 10 10 10 10 10 10
10 10 30 10 10 30 10 10 30 10 10 30 10 10 30 10 10
10 10 10 10 10 10 10 10 10 10 10 10 10 10 10 10 10
10 10 10 30 10 10 10 10 10 10 10 10 10 30 10 10 10
10 10 10 10 10 30 10 10 30 10 10 30 10 10 10 10 10
10 10 10 10 10 10 10 10 10 10 10 10 10 10 10 10 10
10 10 10 10 10 10 10 10 10 10 10 10 10 10 10 10 10

%7th layer between 401 and 421, fuel = plenum, guide = guide nominal
%instrument = instr nominal
lat 106 1 0.0 0.0 17 17 1.25984

20 20 20 20 20 20 20 20 20 20 20 20 20 20 20 20 20
20 20 20 20 20 20 20 20 20 20 20 20 20 20 20 20 20
20 20 20 20 20 30 20 20 30 20 20 30 20 20 20 20 20
20 20 20 30 20 20 20 20 20 20 20 20 20 30 20 20 20
20 20 20 20 20 20 20 20 20 20 20 20 20 20 20 20 20
20 20 30 20 20 30 20 20 30 20 20 30 20 20 30 20 20
20 20 20 20 20 20 20 20 20 20 20 20 20 20 20 20 20
20 20 20 20 20 20 20 20 20 20 20 20 20 20 20 20 20
20 20 30 20 20 30 20 20 40 20 20 30 20 20 30 20 20
20 20 20 20 20 20 20 20 20 20 20 20 20 20 20 20 20
20 20 20 20 20 20 20 20 20 20 20 20 20 20 20 20 20
20 20 30 20 20 30 20 20 30 20 20 30 20 20 30 20 20
20 20 20 20 20 20 20 20 20 20 20 20 20 20 20 20 20
20 20 20 30 20 20 20 20 20 20 20 20 20 30 20 20 20
20 20 20 20 20 30 20 20 30 20 20 30 20 20 20 20 20
20 20 20 20 20 20 20 20 20 20 20 20 20 20 20 20 20
20 20 20 20 20 20 20 20 20 20 20 20 20 20 20 20 20

%8th layer between 421 and 423, fuel = upper plug, guide = guide nominal
%instrument = instr nominal
lat 107 1 0.0 0.0 17 17 1.25984

70 70 70 70 70 70 70 70 70 70 70 70 70 70 70 70 70
70 70 70 70 70 70 70 70 70 70 70 70 70 70 70 70 70
70 70 70 70 70 30 70 70 30 70 70 30 70 70 70 70 70
70 70 70 30 70 70 70 70 70 70 70 70 70 30 70 70 70
70 70 70 70 70 70 70 70 70 70 70 70 70 70 70 70 70
70 70 30 70 70 30 70 70 30 70 70 30 70 70 30 70 70
70 70 70 70 70 70 70 70 70 70 70 70 70 70 70 70 70
70 70 70 70 70 70 70 70 70 70 70 70 70 70 70 70 70
70 70 30 70 70 30 70 70 40 70 70 30 70 70 30 70 70
70 70 70 70 70 70 70 70 70 70 70 70 70 70 70 70 70
70 70 70 70 70 70 70 70 70 70 70 70 70 70 70 70 70
70 70 30 70 70 30 70 70 30 70 70 30 70 70 30 70 70
70 70 70 70 70 70 70 70 70 70 70 70 70 70 70 70 70
70 70 70 30 70 70 70 70 70 70 70 70 70 30 70 70 70
70 70 70 70 70 30 70 70 30 70 70 30 70 70 70 70 70
70 70 70 70 70 70 70 70 70 70 70 70 70 70 70 70 70
70 70 70 70 70 70 70 70 70 70 70 70 70 70 70 70 70

%9th layer between 423 and 426, fuel = water, guide = guide nominal,
%instrument = instr nominal
lat 108 1 0.0 0.0 17 17 1.25984

80 80 80 80 80 80 80 80 80 80 80 80 80 80 80 80 80
80 80 80 80 80 80 80 80 80 80 80 80 80 80 80 80 80
80 80 80 80 80 30 80 80 30 80 80 30 80 80 80 80 80
80 80 80 30 80 80 80 80 80 80 80 80 80 30 80 80 80
80 80 80 80 80 80 80 80 80 80 80 80 80 80 80 80 80
80 80 30 80 80 30 80 80 30 80 80 30 80 80 30 80 80
80 80 80 80 80 80 80 80 80 80 80 80 80 80 80 80 80
80 80 80 80 80 80 80 80 80 80 80 80 80 80 80 80 80
80 80 30 80 80 30 80 80 40 80 80 30 80 80 30 80 80
80 80 80 80 80 80 80 80 80 80 80 80 80 80 80 80 80
80 80 80 80 80 80 80 80 80 80 80 80 80 80 80 80 80
80 80 30 80 80 30 80 80 30 80 80 30 80 80 30 80 80
80 80 80 80 80 80 80 80 80 80 80 80 80 80 80 80 80
80 80 80 30 80 80 80 80 80 80 80 80 80 30 80 80 80
80 80 80 80 80 30 80 80 30 80 80 30 80 80 80 80 80
80 80 80 80 80 80 80 80 80 80 80 80 80 80 80 80 80
80 80 80 80 80 80 80 80 80 80 80 80 80 80 80 80 80

%10th layer between 426 and 435, fuel = upper nozzle, guide = water,
%instrument = water, BA = SS pin
lat 109 1 0.0 0.0 17 17 1.25984

60 60 60 60 60 60 60 60 60 60 60 60 60 60 60 60 60
60 60 60 60 60 60 60 60 60 60 60 60 60 60 60 60 60
60 60 60 60 60 80 60 60 80 60 60 80 60 60 60 60 60
60 60 60 80 60 60 60 60 60 60 60 60 60 80 60 60 60
60 60 60 60 60 60 60 60 60 60 60 60 60 60 60 60 60
60 60 80 60 60 80 60 60 80 60 60 80 60 60 80 60 60
60 60 60 60 60 60 60 60 60 60 60 60 60 60 60 60 60
60 60 60 60 60 60 60 60 60 60 60 60 60 60 60 60 60
60 60 80 60 60 80 60 60 40 60 60 80 60 60 80 60 60
60 60 60 60 60 60 60 60 60 60 60 60 60 60 60 60 60
60 60 60 60 60 60 60 60 60 60 60 60 60 60 60 60 60
60 60 80 60 60 80 60 60 80 60 60 80 60 60 80 60 60
60 60 60 60 60 60 60 60 60 60 60 60 60 60 60 60 60
60 60 60 80 60 60 60 60 60 60 60 60 60 80 60 60 60
60 60 60 60 60 80 60 60 80 60 60 80 60 60 60 60 60
60 60 60 60 60 60 60 60 60 60 60 60 60 60 60 60 60
60 60 60 60 60 60 60 60 60 60 60 60 60 60 60 60 60

%top layer between 345 and 455, everything water
lat 110 1 0.0 0.0 17 17 1.25984

80 80 80 80 80 80 80 80 80 80 80 80 80 80 80 80 80
80 80 80 80 80 80 80 80 80 80 80 80 80 80 80 80 80
80 80 80 80 80 80 80 80 80 80 80 80 80 80 80 80 80
80 80 80 80 80 80 80 80 80 80 80 80 80 80 80 80 80
80 80 80 80 80 80 80 80 80 80 80 80 80 80 80 80 80
80 80 80 80 80 80 80 80 80 80 80 80 80 80 80 80 80
80 80 80 80 80 80 80 80 80 80 80 80 80 80 80 80 80
80 80 80 80 80 80 80 80 80 80 80 80 80 80 80 80 80
80 80 80 80 80 80 80 80 80 80 80 80 80 80 80 80 80
80 80 80 80 80 80 80 80 80 80 80 80 80 80 80 80 80
80 80 80 80 80 80 80 80 80 80 80 80 80 80 80 80 80
80 80 80 80 80 80 80 80 80 80 80 80 80 80 80 80 80
80 80 80 80 80 80 80 80 80 80 80 80 80 80 80 80 80
80 80 80 80 80 80 80 80 80 80 80 80 80 80 80 80 80
80 80 80 80 80 80 80 80 80 80 80 80 80 80 80 80 80
80 80 80 80 80 80 80 80 80 80 80 80 80 80 80 80 80
80 80 80 80 80 80 80 80 80 80 80 80 80 80 80 80 80

%------------------------------------------------------------------------------
%surfaces----------------------------------------------------------------------
%------------------------------------------------------------------------------

surf 1000 sqc 0.0 0.0 10.70000
surf 1001 sqc 0.0 0.0 10.75182

surf 101 pz   0.000
surf 102 pz  20.000
surf 103 pz  35.160
surf 104 pz  36.007
surf 105 pz  41.087
surf 106 pz  45.079
surf 107 pz 401.767
surf 108 pz 421.223
surf 109 pz 423.272
surf 110 pz 426.617
surf 111 pz 435.444
surf 112 pz 455.444

%------------------------------------------------------------------------------
%cells-------------------------------------------------------------------------
%------------------------------------------------------------------------------

cell 100 0 fill 100 -1000 101 -102
cell 101 0 fill 101 -1000 102 -103
cell 102 0 fill 102 -1000 103 -104
cell 103 0 fill 103 -1000 104 -105
cell 104 0 fill 104 -1000 105 -106
cell 105 0 fill 105 -1000 106 -107
cell 106 0 fill 106 -1000 107 -108
cell 107 0 fill 107 -1000 108 -109
cell 108 0 fill 108 -1000 109 -110
cell 109 0 fill 109 -1000 110 -111
cell 110 0 fill 110 -1000 111 -112
cell 111 0 water     1000 -1001 101 -112

cell 112 0 outside   1001  101 -112
cell 113 0 outside  -101
cell 114 0 outside   112

%------------------------------------------------------------------------------
%materials---------------------------------------------------------------------
%------------------------------------------------------------------------------

%2.4w/0 enriched
mat UO2 sum burn 10
8016.09c   4.5828e-02
8017.09c   1.7457e-05
%8018.09c   9.4176e-05
92234.09c  4.4842e-06
92235.09c  5.5814e-04
92238.09c  2.2407e-02

%borosilicate glass burnable absorber
mat BA sum burn 10
5010.06c  9.6506e-04
5011.06c  3.9189e-03
8016.06c  4.6511e-02
8017.06c  1.7717e-05
%8018.06c  9.5581e-05
13027.06c 1.7352e-03
14028.06c 1.6924e-02
14029.06c 8.5977e-04
14030.06c 5.6743e-04

%sic
mat clad sum
6012.06c  0.0363
14028.06c 0.031193415
14029.06c 0.00158301
14030.06c 0.001045193

mat tube 4.3206E-02
26000.06c 1.4838E-04
24000.06c 7.5891E-05
40000.06c 4.2982E-02

mat He sum
2004.06c 2.4044E-04

%boron for soluble absorber
mat boron 1.0
5010.06c 0.2
5011.06c 0.8

%304SS
mat SS304 sum
14028.06c 9.5274e-04
14029.06c 4.8400e-05
14030.06c 3.1943e-05
24050.06c 7.6778e-04
24052.06c 1.4806e-02
24053.06c 1.6789e-03
24054.06c 4.1791e-04
25055.06c 1.7604e-03
26054.06c 3.4620e-03
26056.06c 5.4345e-02
26057.06c 1.2551e-03
26058.06c 1.6703e-04
28058.06c 5.6089e-03
28060.06c 2.1605e-03
28061.06c 9.3917e-05
28062.06c 2.9945e-04
28064.06c 7.6261e-05

%air
mat air sum
6012.06c  6.7565e-09
%6013.06c  7.3076e-11
8016.06c  5.2864e-06
8017.06c  2.0137e-09
%8018.06c  1.0863e-08
7014.06c  1.9681e-05
7015.06c  7.1900e-08
18036.06c 7.9414e-10
18038.06c 1.4915e-10
18040.06c 2.3506e-07

%inconel
mat inconel sum
14028.06c 5.6753e-04
14029.06c 2.8831e-05
14030.06c 1.9028e-05
24050.06c 7.8239e-04
24052.06c 1.5088e-02
24053.06c 1.7108e-03
24054.06c 4.2586e-04
25055.06c 7.8201e-04
26054.06c 1.4797e-03
26056.06c 2.3229e-02
26057.06c 5.3645e-04
26058.06c 7.1392e-05
28058.06c 2.9320e-02
28060.06c 1.1294e-02
28061.06c 4.9094e-04
28062.06c 1.5653e-03
28064.06c 3.9864e-04

mat water sum moder lwtr 1001
1001.06c 4.8132E-02
8016.06c 2.4066E-02

therm lwtr lwj3.11t

%------------------------------------------------------------------------------
%options-----------------------------------------------------------------------
%------------------------------------------------------------------------------

%set path for data libraries
set acelib "/global/home/groups/co_nuclear/serpent/xsdata/endfb7/sss_endfb7u.xsdata"
set declib "/global/home/groups/co_nuclear/serpent/xsdata/endfb7/sss_endfb7.dec"
set nfylib "/global/home/groups/co_nuclear/serpent/xsdata/endfb7/sss_endfb7.nfy"

%periodic boundary conditions
set bc 2 2 1

%neutron population
set pop 50000 500 20

%geometry plots
plot 1 10000 10000
plot 3 10000 10000 50

%burn for 550 days at full power
set powdens 41.7e-3

dep daystep
0.5
0.5
1
1
2
20
25
50
50
50
50
50
50
50
50
50
50

%shut down for 30 days
set powdens 0.0

dep daystep
5
5
10
10

%burn for 550 days at full power
set powdens 41.7e-3

dep daystep
0.5
0.5
1
1
2
20
25
50
50
50
50
50
50
50
50
50
50

%shut down for 30 days
set powdens 0.0

dep daystep
5
5
10
10